Achim's p11
Oscillator
22
22
0000000000110000000000
0000000000110000000000
0000010000000000100000
0000101000000001010000
0001010001001000101000
0010100001001000010100
0001000001001000001000
0000000000000000000000
0000000000000000000000
0000111000000001110000
1100000000000000000011
1100000000000000000011
0000111000000001110000
0000000000000000000000
0000000000000000000000
0001000001001000001000
0010100001001000010100
0001010001001000101000
0000101000000001010000
0000010000000000100000
0000000000110000000000
0000000000110000000000
