Period 20 glider gun
Gun
27
44
00000011000000110000000000000000000000000000
00000100100000110000000000000000000000000000
10010010100000000000000000000000001100000000
11111010110000000000000000000000001100000000
00000010001000000010000110000000000000000000
00110100001000000111111111100000111100000000
01000110001000001101110000000000100010001010
01010100001000000111100001011000001101010110
00100010001000000010001011001000010001010000
00011010110000000000000000001000110001010110
00001010100000000000001100010000100001010110
00010010100000110000000000100000001100010000
00011001000000110000001001000000000010100000
00000000000000000000001000000000001110101000
00000000000000000000000000000100010001101110
00001011011000001110101100000010001100010001
00001101010000000011100000001110000011010011
00000000010011000010000100000000000010100000
00000000100011110010000110000000000000000000
00000110001000011001100011000000001000000000
00001000101100011000100010000000000100000000
00001010100000010000110001110000011100000000
00011010110001001000110000010000000000000000
00100110100100101110001100000000000000000000
00010000011010100001101000000000000000010000
00001111010010011100101000000000000000001000
00000010100110000110010000000000000000111000
