Rumbling river
Oscillator
12
49
0000000000000011000000110000001100010110000000000
0000100000000100100001001000010010011010000000000
1001010000100011001000110010001010000010110000000
1111010011111100111111001111110011111101010000000
0000010100000101000001010000010100000101000000110
0011010101010001010100010101000101010001010000010
0100000101000101010001010100010101000101010101100
0110000001010000010100000101000001010000010100000
0000000101011111100111111001111110011111100101111
0000000110100000101000100110001001100010000101001
0000000000101100100100001001000010010000000010000
0000000000110100011000000110000001100000000000000
