Spacefiller 2
Spacefiller
35
25
0000011100000000011100000
0000010010000000010010000
0000010000001000010000000
0000010000011100010000000
0000010000010110010000000
0000010000001110010000000
0000001001001110001000000
0000000010001110000000000
0000000001000001100000000
0000000000110000000000000
0000000000100000000000000
0000000000011000000000000
0100000000101010000000010
1000001010101011001000001
1000001110001010111000001
1111101000110010001011111
0000000010100110100000000
0000000110101010110000000
0000000010110010100000000
1111101000100110001011111
1000001110101000111000001
1000001001101010101000001
0100000000101010000000010
0000000000001100000000000
0000000000000010000000000
0000000000000110000000000
0000000011000001000000000
0000000000111000100000000
0000001000111001001000000
0000000100111000000100000
0000000100110100000100000
0000000100011100000100000
0000000100001000000100000
0000100100000000100100000
0000011100000000011100000
