Spacefiller 1
Spacefiller
43
29
00000101000000000000000000000
00001001000000000000000000000
00011000000000000000000000000
00100000000000000000000000000
01111000000000000000000000000
10000100000000000000000000000
10010000000000000000000000000
10010000000000000000000000000
01000000000111000111000000000
00111101001001000100100000000
00010001000001000100000000000
00001000000001000100000000000
00001010000001000100000000000
00000000000000000000000000000
00011100000111000111000000000
00011000000010000010000000000
00011100000011111110000000000
00000000000100000001000000000
00001010001111111111100000000
00010010010000000000001100000
00010000011111111111100010000
00010001000000000000010001000
00001000111111111111000001000
00000110000000000001001001000
00000000111111111110001010000
00000000010000000100000000000
00000000001111111000000111000
00000000001000001000000011000
00000000011100011100000111000
00000000000000000000000000000
00000000000100010000001010000
00000000000100010000000010000
00000000000100010000010001000
00000000100100010010010111100
00000000011100011100000000010
00000000000000000000000001001
00000000000000000000000001001
00000000000000000000000100001
00000000000000000000000011110
00000000000000000000000000100
00000000000000000000000011000
00000000000000000000010010000
00000000000000000000010100000
