Square
Spacefiller
50
50
111111111111111111111111111111111111111111111111111
111111111111111111111111111111111111111111111111111
111111111111111111111111111111111111111111111111111
111111111111111111111111111111111111111111111111111
111111111111111111111111111111111111111111111111111
111111111111111111111111111111111111111111111111111
111111111111111111111111111111111111111111111111111
111111111111111111111111111111111111111111111111111
111111111111111111111111111111111111111111111111111
111111111111111111111111111111111111111111111111111
111111111111111111111111111111111111111111111111111
111111111111111111111111111111111111111111111111111
111111111111111111111111111111111111111111111111111
111111111111111111111111111111111111111111111111111
111111111111111111111111111111111111111111111111111
111111111111111111111111111111111111111111111111111
111111111111111111111111111111111111111111111111111
111111111111111111111111111111111111111111111111111
111111111111111111111111111111111111111111111111111
111111111111111111111111111111111111111111111111111
111111111111111111111111111111111111111111111111111
111111111111111111111111111111111111111111111111111
111111111111111111111111111111111111111111111111111
111111111111111111111111111111111111111111111111111
111111111111111111111111111111111111111111111111111
111111111111111111111111111111111111111111111111111
111111111111111111111111111111111111111111111111111
111111111111111111111111111111111111111111111111111
111111111111111111111111111111111111111111111111111
111111111111111111111111111111111111111111111111111
111111111111111111111111111111111111111111111111111
111111111111111111111111111111111111111111111111111
111111111111111111111111111111111111111111111111111
111111111111111111111111111111111111111111111111111
111111111111111111111111111111111111111111111111111
111111111111111111111111111111111111111111111111111
111111111111111111111111111111111111111111111111111
111111111111111111111111111111111111111111111111111
111111111111111111111111111111111111111111111111111
111111111111111111111111111111111111111111111111111
111111111111111111111111111111111111111111111111111
111111111111111111111111111111111111111111111111111
111111111111111111111111111111111111111111111111111
111111111111111111111111111111111111111111111111111
111111111111111111111111111111111111111111111111111
111111111111111111111111111111111111111111111111111
111111111111111111111111111111111111111111111111111
111111111111111111111111111111111111111111111111111
111111111111111111111111111111111111111111111111111
111111111111111111111111111111111111111111111111111
111111111111111111111111111111111111111111111111111
